6 0.19598776406250001 0.773431546875 0.19598776406250001 0.8051877484375 0.2145062828125 0.8290049609375 0.24007936562499999 0.8402519843749999 0.26300694375 0.8554685015624999 0.2921074734375 0.86274603125 0.3053349875 0.8812705859375001 0.33443551562499996 0.8832552078125 0.36265443125 0.8614228671875 0.371472553125 0.848190971875 0.3988095234375 0.8422368546874999 0.41468253906249997 0.8309898312499999 0.43761011875 0.8197428078125 0.46494709062500006 0.8078340781250001 0.48699305624999994 0.7959255953125 0.5046296296875 0.7853400296874999 0.4825836640625 0.7760778765625 0.465829034375 0.768800346875 0.4455466265625 0.760861359375 0.409391534375 0.759537946875 0.37676355781250004 0.7588764875 0.3458994703125 0.764830853125 0.3238535046875 0.76946180625 0.2832893515625 0.7787242062499999 0.25947982812500003 0.7568916171875 0.227733796875 0.756230159375 0.19598776406250001 0.773431546875
6 0.5579804890625 0.4858874015625 0.5853174609375 0.5030887890625 0.6267635578124999 0.5209516375 0.66291898125 0.5149975203125 0.69995601875 0.49779613125 0.7175925921874999 0.4726557546875 0.7255290999999999 0.45016170625 0.7167106484375 0.42965228125 0.708774140625 0.41708209375000005 0.690255621875 0.4084813984375 0.672619046875 0.42171329375 0.6382275125 0.4201388890625 0.590608465625 0.4256827875 0.5544533734375 0.427005953125 0.546516865625 0.45545436562499997 0.5579804890625 0.4858874015625
6 0.5186838625 0.18930233125 0.5041335984375 0.193271825 0.521329365625 0.2022033734375 0.5517526453125 0.1987299109375 0.5934193125 0.20021850156249998 0.6198743390625 0.1987299109375 0.6231812171875 0.1788821921875 0.596726190625 0.171439484375 0.56878306875 0.1681547625 0.5444775125 0.1689583328125 0.5299272484374999 0.18136334375000002 0.5186838625 0.18930233125
6 0.29249338593749996 0.2233561515625 0.2772817453125 0.23179141875 0.289847884375 0.240722965625 0.3136574078125 0.24618105156249998 0.340773809375 0.249158234375 0.36326058125 0.2473568953125 0.3883928578125 0.2438834328125 0.40691137499999996 0.2389213796875 0.43336640156249995 0.2354481640625 0.44857804218749997 0.2299900796875 0.4386574078125 0.223043403125 0.39963624375 0.21808134843750002 0.358796296875 0.2165178578125 0.3454034390625 0.21889037656250002 0.3202711640625 0.2208752484375 0.29249338593749996 0.2233561515625
6 0.5543981484375 0.2119437 0.5378637562499999 0.205493303125 0.5074404765625 0.20499702343749998 0.49024470937500003 0.2084704859375 0.48759920625 0.22037896875000001 0.5133928578125 0.2287946421875 0.5246362437500001 0.225341021875 0.5418320109375 0.22286011874999997 0.5543981484375 0.2119437
6 0.3209325390625 0.3002658734375 0.33812830625 0.29480778750000003 0.34474206406249996 0.28091443437499997 0.33680555624999997 0.27049454375000004 0.3050595234375 0.268509671875 0.280588625 0.2714868546875 0.2825727515625 0.2878611109375 0.3209325390625 0.3002658734375
6 0.215839946875 0.35335863125 0.23693783124999998 0.367251984375 0.27000661406250004 0.3697328875 0.29249338593749996 0.3657633921875 0.297123015625 0.34839657812499997 0.28720238125 0.33847271874999996 0.25876322812499997 0.3379766859375 0.260152115625 0.33847271874999996 0.2237764546875 0.3429384921875 0.215839946875 0.35335863125
3 0.3726851859375 0.6319444437499999 0.37070105781249996 0.630704365625 0.36805555624999997 0.630704365625 0.366402115625 0.6326884921875 0.36607142812500004 0.634920634375 0.36937830625 0.637896825 0.3730158734375 0.6351686515625 0.3726851859375 0.6319444437499999
4 0.1425264546875 0.5758928578125 0.14781746093749998 0.5816798109375 0.1481481484375 0.5853174609375 0.15178571406250002 0.5873015875 0.1504629625 0.590277778125 0.14781746093749998 0.5917658734375 0.1507936515625 0.593005953125 0.1580687828125 0.6542658734375 0.171296296875 0.6865079359374999 0.1706349203125 0.6894841265625 0.17261904687500002 0.6939484125 0.1759259265625 0.6966765875 0.177910053125 0.7008928578125 0.184259259375 0.705902778125 0.1898148140625 0.7145337296875 0.1954365078125 0.71875 0.209325396875 0.7232142859375 0.2199074078125 0.73115079375 0.2228835984375 0.7366071421875 0.22486772500000002 0.736855159375 0.22850529062499997 0.7353670640625001 0.2301587296875 0.7358630953125 0.23379629687499998 0.7418154765625 0.24338624375 0.7433035718750001 0.24801587343749998 0.7460317453124999 0.25562169375 0.7455357140625 0.26818783125 0.755704365625 0.27149470937500003 0.756200396875 0.2741402109375 0.75322420625 0.2761243390625 0.75322420625 0.2804232796875 0.7604166671875 0.2791005296875 0.7636408734375 0.2748015875 0.7676091265625 0.278769840625 0.7693452375 0.28174603125000003 0.7666170640625001 0.2867063484375 0.765376984375 0.28802910000000004 0.7614087296875 0.291335978125 0.7584325390625 0.3019179890625 0.7619047625 0.3138227515625 0.7606646828125 0.3202711640625 0.7611607140625 0.33068783125 0.765625 0.34027777812500004 0.7671130953125 0.3455687828125 0.76512896875 0.3495370375 0.765376984375 0.3617724875 0.7601686515625 0.365410053125 0.759920634375 0.3730158734375 0.7619047625 0.40277777812500004 0.7571924609375 0.4169973546875 0.7576884921875 0.4272486765625 0.7619047625 0.43121693125 0.7601686515625 0.44345238125 0.7619047625 0.4546957671875 0.7576884921875 0.4675925921875 0.750248015625 0.4702380953125 0.747519840625 0.47883597812499995 0.7455357140625 0.4890873015625 0.7413194437499999 0.49404761875 0.7363591265625 0.49272486718749997 0.7328869046875 0.49437830624999995 0.728670634375 0.4920634921875 0.7170138890625 0.49272486718749997 0.7142857140625 0.49768518593750005 0.712549603125 0.5076058203125 0.705605159375 0.5178571421875 0.6951884921875 0.5198412703125 0.6862599203124999 0.51884920625 0.6770833328125 0.5198412703125 0.6733630953125 0.5171957671875 0.671875 0.514880953125 0.672123015625 0.5085978843750001 0.6701388890625 0.5076058203125 0.665674603125 0.503306878125 0.66220238125 0.5 0.656994046875 0.4983465609375 0.6488095234375 0.49404761875 0.646329365625 0.49338624375 0.6421130953125 0.491071428125 0.6388888890625 0.49140211562499997 0.6341765875 0.4950396828125 0.6267361109375 0.4874338625 0.624255953125 0.48511904687499996 0.622519840625 0.48247354531250003 0.6178075390625 0.49669312187500003 0.60887896875 0.5023148140625 0.609375 0.5052910046875 0.6083829359374999 0.50595238125 0.605902778125 0.50562169375 0.6011904765625 0.5019841265625 0.6019345234375 0.49801587343750003 0.5957341265625 0.490740740625 0.5920138890625 0.490410053125 0.587549603125 0.48809523749999995 0.584325396875 0.49305555625 0.5691964281249999 0.49636243437500005 0.568204365625 0.497354496875 0.5642361109375 0.490410053125 0.5610119046875 0.484126984375 0.5607638890625 0.48214285781250005 0.556795634375 0.48048941875000006 0.556299603125 0.48048941875000006 0.5515873015625 0.484788359375 0.549603175 0.48644179843749996 0.55009920625 0.4874338625 0.546130953125 0.48644179843749996 0.543402778125 0.48214285781250005 0.5401785718750001 0.4742063484375 0.5391865078125 0.47255290937499994 0.5379464281249999 0.46957672031250003 0.533978175 0.4702380953125 0.528521825 0.46924603125 0.5265376984375 0.4580026453125 0.521329365625 0.4543650796875 0.5146329359374999 0.4520502640625 0.512648809375 0.447089946875 0.5114087296875 0.44345238125 0.5084325390625 0.4391534390625 0.5069444437499999 0.434854496875 0.5074404765625 0.4229497359375 0.500744046875 0.422288359375 0.49801587343750003 0.41964285781250005 0.49627976250000005 0.41600529062499997 0.49578372968749995 0.4130291 0.4920634921875 0.4080687828125 0.49156746093750003 0.40575396875 0.4890873015625 0.3998015875 0.48635912656249997 0.4077380953125 0.48239087343750003 0.40608465625 0.47569444375 0.4011243390625 0.47247023749999995 0.3882275125 0.4739583328125 0.3829365078125 0.471478175 0.38128306875 0.46651785781250005 0.37169312187500003 0.46825396875 0.3647486765625 0.46552579375 0.365079365625 0.462549603125 0.36375661406250004 0.466269840625 0.3578042328125 0.46825396875 0.347552909375 0.4677579359375 0.34391534375 0.46651785781250005 0.3416005296875 0.4608134921875 0.3333333328125 0.459325396875 0.33002645468749997 0.45758928593750003 0.3293650796875 0.4585813484375 0.3174603171875 0.46155753906249997 0.31580687812499997 0.46279761875 0.31349206406249996 0.46304563437499996 0.3101851859375 0.46006944375 0.3072089953125 0.46304563437499996 0.3009259265625 0.4635416671875 0.29794973593749996 0.4613095234375 0.2999338625 0.45882936562500004 0.2946428578125 0.4578373015625 0.29298941875 0.4546130953125 0.291335978125 0.45386904687499996 0.2876984125 0.4548611109375 0.2886904765625 0.45659722187499996 0.284391534375 0.4583333328125 0.2771164015625 0.45535714218749995 0.278439153125 0.45114087343750003 0.2761243390625 0.44618055625 0.2804232796875 0.44320436562500004 0.2791005296875 0.4389880953125 0.28108465625 0.4268353171875 0.2820767203125 0.42534722187499996 0.2870370375 0.424603175 0.28802910000000004 0.4208829359375 0.290674603125 0.4201388890625 0.29431216875 0.4166666671875 0.3015873015625 0.4141865078125 0.3045634921875 0.41195436562500004 0.3045634921875 0.4079861109375 0.302579365625 0.406498015625 0.29794973593749996 0.406498015625 0.29431216875 0.403521825 0.2870370375 0.40178571406249997 0.2800925921875 0.40277777812500004 0.2761243390625 0.4015376984375 0.27678571406249997 0.39955357187499996 0.284060846875 0.396329365625 0.28141534375 0.3918650796875 0.2827380953125 0.3893849203125 0.2867063484375 0.387648809375 0.287367725 0.384920634375 0.2867063484375 0.3826884921875 0.283730159375 0.3826884921875 0.2797619046875 0.3804563484375 0.278439153125 0.37847222187499996 0.2791005296875 0.3769841265625 0.27447089999999996 0.3787202375 0.27149470937500003 0.3762400796875 0.26818783125 0.3767361109375 0.2635582015625 0.375744046875 0.2609126984375 0.377480159375 0.2579365078125 0.377480159375 0.2552910046875 0.375744046875 0.25099206406249996 0.377728175 0.2476851859375 0.3764880953125 0.24570105781249998 0.3787202375 0.2384259265625 0.3814484125 0.23644179843750002 0.381200396875 0.228835978125 0.384920634375 0.22387566093750003 0.38368055624999997 0.21858465625 0.3886408734375 0.2109788359375 0.390625 0.20833333281250002 0.390376984375 0.20568783124999998 0.3923611109375 0.203373015625 0.39744543593750004 0.19973544999999998 0.40029761875 0.196097884375 0.408730159375 0.1957671953125 0.41319444375 0.1924603171875 0.419394840625 0.19411375625 0.4228670640625 0.19411375625 0.42782738125 0.14384920625 0.574652778125 0.1425264546875 0.5758928578125
4 0.484788359375 0.3023313484375 0.4874338625 0.3040674609375 0.5367063484375 0.3921130953125 0.5403439156250001 0.39732142812500004 0.5492724875 0.4050099203125 0.559854496875 0.4074900796875 0.5638227515625001 0.41617063437499996 0.56812169375 0.41964285781250005 0.5796957671875 0.42137896875 0.583664021875 0.4228670640625 0.5978835984375 0.4228670640625 0.60681216875 0.424355159375 0.6107804234375 0.4233630953125 0.622354496875 0.4231150796875 0.628306878125 0.4203869046875 0.634589946875 0.4206349203125 0.646164021875 0.42410714218749995 0.6507936515625 0.42410714218749995 0.6574074078125001 0.42137896875 0.6696428578125 0.42137896875 0.6759259265625001 0.41964285781250005 0.6851851859375 0.4144345234375 0.6941137562499999 0.3923611109375 0.7000661375 0.384920634375 0.7043650796875001 0.3821924609375 0.7096560843749999 0.380704365625 0.7123015875 0.37599206406249996 0.7175925921874999 0.374255953125 0.7172619046875 0.3648313484375 0.71924603125 0.360119046875 0.73181216875 0.358630953125 0.7374338625 0.359375 0.74404761875 0.356894840625 0.747023809375 0.3571428578125 0.7430555562500001 0.35615079375 0.7417328046875 0.3539186515625 0.74371693125 0.3459821421875 0.7427248671875 0.34424603125000003 0.740079365625 0.341269840625 0.7364417984375 0.3400297625 0.734457671875 0.33705357187499996 0.73082010625 0.33506944375000003 0.7242063484375 0.3226686515625 0.7205687828125 0.31944444375000003 0.716269840625 0.318204365625 0.7169312171875 0.3144841265625 0.7129629625 0.3137400796875 0.708994709375 0.309771825 0.7050264546875 0.30927579375 0.697089946875 0.3033234125 0.6927910046875 0.3023313484375 0.6891534390625 0.2988591265625 0.690806878125 0.296626984375 0.6977513234375 0.294146825 0.6987433859375 0.283730159375 0.6964285718750001 0.2792658734375 0.69312169375 0.2772817453125 0.6878306875 0.2765376984375 0.68154761875 0.271329365625 0.6736111109375 0.2693452375 0.671626984375 0.2678571421875 0.6742724875 0.2636408734375 0.6696428578125 0.2614087296875 0.6620370375 0.250744046875 0.6577380953125 0.247023809375 0.6504629625 0.23611111093749998 0.6504629625 0.23239087343749998 0.646164021875 0.231398809375 0.64417989375 0.2299107140625 0.640211640625 0.22544642812500001 0.6385582015625 0.2209821421875 0.6302910046875 0.21676587343749998 0.6240079359374999 0.2108134921875 0.6173941796875 0.20808531718749998 0.6144179890625 0.2046130953125 0.6071428578125 0.2016369046875 0.6025132281250001 0.2016369046875 0.5992063484375 0.19717261875 0.5955687828125 0.1979166671875 0.5916005296875 0.1951884921875 0.5826719578125 0.1954365078125 0.5763888890625 0.19717261875 0.572420634375 0.196428571875 0.5691137562499999 0.19717261875 0.5638227515625001 0.20114087343749998 0.55654761875 0.203373015625 0.5555555562500001 0.209325396875 0.5572089953125 0.21130952343749998 0.55687830625 0.2147817453125 0.5548941796875 0.21701388906250002 0.540674603125 0.22147817500000003 0.5370370375 0.22470238125000003 0.5261243390625 0.2266865078125 0.5132275125 0.2306547625 0.5042989421875 0.2358630953125 0.4986772484375 0.2420634921875 0.49371693125 0.2435515875 0.490740740625 0.24801587343749998 0.4917328046875 0.25 0.490410053125 0.2740575390625 0.4861111109375 0.2762896828125 0.4834656078125 0.2829861109375 0.4861111109375 0.29092261875 0.4857804234375 0.2951388890625 0.4831349203125 0.2986111109375 0.484788359375 0.3023313484375
4 0.624338625 0.583829365625 0.6230158734375 0.5830853171875 0.61871693125 0.5835813484375 0.6177248671875 0.58407738125 0.6200396828125 0.58779761875 0.6236772484374999 0.5882936515625 0.624338625 0.583829365625
6 0.5859788359375 0.60987103125 0.5882936515625 0.6116071421875 0.590939153125 0.6116071421875 0.5945767203125001 0.615079365625 0.60648148125 0.61532738125 0.6111111109375 0.6163194437499999 0.6140873015625 0.615079365625 0.6147486765625 0.612847221875 0.61871693125 0.6135912703125 0.6203703703125 0.6160714281249999 0.6266534390625 0.618799603125 0.6385582015625 0.6195436515625 0.6445105812499999 0.621527778125 0.6484788359375 0.6212797625 0.6541005296875 0.619295634375 0.653439153125 0.6160714281249999 0.6547619046875 0.6111111109375 0.6517857140625 0.606894840625 0.653439153125 0.6019345234375 0.65674603125 0.597222221875 0.6610449734375 0.5954861109375 0.6643518515625 0.5801091265625 0.6620370375 0.575396825 0.6669973546875 0.5644841265625 0.659391534375 0.55927579375 0.6541005296875 0.546875 0.646494709375 0.543898809375 0.6418650796875001 0.546130953125 0.640211640625 0.5424107140625 0.6385582015625 0.5416666671875 0.627645503125 0.544146825 0.6226851859375 0.5416666671875 0.61937830625 0.549355159375 0.6137566140625 0.5520833328125 0.6130952375 0.5505952375 0.6084656078124999 0.5488591265625 0.6071428578125 0.544394840625 0.60615079375 0.5570436515625 0.6041666671875 0.5605158734375 0.6054894187500001 0.56572420625 0.583664021875 0.593998015625 0.5800264546875 0.5947420640625001 0.578373015625 0.596726190625 0.577711640625 0.6001984125 0.5790343921875001 0.6081349203124999 0.5800264546875 0.609126984375 0.5859788359375 0.60987103125
7 0.9996693125 1 0.9996693125 0.10714285781249999 0 0.10714285781249999 0 1 0.9996693125 1