6 0.3422035484375 0.6855742296875 0.337768440625 0.68154761875 0.3349673203125 0.684523809375 0.335200746875 0.68662465 0.3375350140625 0.6892507 0.3405695609375 0.6875 0.3422035484375 0.6855742296875
6 0.4509803921875 0.517507003125 0.4551820734375 0.5294117640625 0.461951446875 0.5304621843749999 0.4668534078125 0.5294117640625 0.4705882359375 0.5316876749999999 0.4787581703125 0.5306372546875 0.4852941171875 0.5341386546875 0.49066293125 0.5348389359375 0.4946311859375 0.5336134453125 0.49649859999999996 0.5353641453125 0.5060690937500001 0.5379901953124999 0.509803921875 0.5484943984374999 0.5088702140625 0.5488445375000001 0.5142390296875 0.550070028125 0.5156395890625001 0.5516456578125 0.5161064421875 0.5649509796875 0.5170401499999999 0.5688025203125 0.5306956109375001 0.578869046875 0.5296451921875 0.5798319328125 0.532913165625 0.5866596640624999 0.5462184875 0.5899859937499999 0.545751634375 0.5919117640625 0.5490196078125 0.593837534375 0.5506535953125 0.592086834375 0.5506535953125 0.5884453781250001 0.5527544343749999 0.5857843140625 0.5564892625 0.5845588234375 0.56069094375 0.5854341734374999 0.56419234375 0.5822829125 0.568394025 0.581757703125 0.5711951453124999 0.580007003125 0.5711951453124999 0.5787815125 0.5742296921875 0.577556021875 0.57609710625 0.5786064421875 0.578431371875 0.5761554624999999 0.580999065625 0.5721288515625 0.580999065625 0.568102240625 0.584267040625 0.5649509796875 0.5845004671875 0.563725490625 0.5838001875 0.561274509375 0.5821662 0.5625 0.5781979453125 0.5623249296874999 0.5765639593749999 0.559523809375 0.5770308125 0.5575980390625 0.5793650796875001 0.55567226875 0.5838001875 0.5546218484375001 0.5875350140625 0.5488445375000001 0.585200746875 0.5448179265624999 0.586134453125 0.5386904765625 0.5896358546875 0.5392156859375 0.5896358546875 0.5413165265625001 0.5917366953125 0.54376750625 0.5943043890624999 0.5409663859375 0.5952380953125 0.5369397765625 0.593837534375 0.5353641453125 0.5933706812499999 0.532563025 0.592436975 0.5136554624999999 0.5873015875 0.50857843125 0.580065359375 0.5049019609375 0.5791316531249999 0.5019257703125 0.57609710625 0.499474790625 0.5730625578125 0.499649859375 0.56069094375 0.4921218484375 0.5525210078125 0.4915966390625 0.5448179265624999 0.4889705875 0.542366946875 0.4891456578125 0.5378151265625 0.48721988749999995 0.5371148453125001 0.4861694671875 0.50093370625 0.4908963578125 0.497899159375 0.48704481718750003 0.49346405156250006 0.48844537812500005 0.49136321250000004 0.48721988749999995 0.4899626515625 0.48511904687499996 0.4843604109375 0.48792016875 0.48132586406250005 0.4908963578125 0.477357609375 0.4924719890625 0.4743230625 0.49579831875 0.4710550890625 0.49614845937499996 0.4680205421875 0.4977240890625 0.46311858125 0.49894957968750003 0.4607843140625 0.4982493 0.4589169 0.49667366875 0.4530812328125 0.49894957968750003 0.45121381875 0.50087535 0.4432773109375 0.5019257703125 0.44187675000000004 0.5052521015625 0.43907562968749997 0.5078781515624999 0.436974790625 0.5136554624999999 0.4432773109375 0.515931371875 0.4463118578125 0.5152310921875001 0.4509803921875 0.517507003125
6 0.3293650796875 0.5716036421874999 0.33216619999999997 0.5766806718749999 0.336134453125 0.5805322125 0.34150326875000003 0.58385854375 0.345938375 0.584383753125 0.3494397765625 0.5831582640625 0.35434173593749996 0.582633053125 0.367647059375 0.5870098046875001 0.3734827265625 0.5864845937500001 0.3807189546875 0.5875350140625 0.3842203546875 0.586834734375 0.3884220359375 0.58823529375 0.39635854375 0.588935575 0.398459384375 0.5878851546874999 0.40126050468749996 0.5831582640625 0.41153127968750003 0.577556021875 0.41363211875 0.5801820734375001 0.4194677875 0.581757703125 0.4278711484375 0.5807072828125001 0.43580765625 0.5810574234375 0.43907562968749997 0.580007003125 0.44117647031249996 0.5780812328125 0.44397759062500003 0.5770308125 0.44957983125 0.5721288515625 0.4509803921875 0.5698529406249999 0.454948646875 0.5682773109375 0.4526143796875 0.563025209375 0.4509803921875 0.5551470593750001 0.4474789921875 0.5525210078125 0.445144725 0.5528711484375 0.44281045781249995 0.5519957984375 0.4442110171875 0.5462184875 0.44304388437500003 0.542366946875 0.43930905625000005 0.54114145625 0.4365079359375 0.5416666671875 0.405462184375 0.539040615625 0.4005602234375 0.5357142859375 0.398459384375 0.53676470625 0.385620915625 0.5369397765625 0.3846872078125 0.536064425 0.3807189546875 0.5379901953124999 0.3790849671875 0.5371148453125001 0.3783846875 0.5350140062500001 0.3769841265625 0.534313725 0.37441643281250003 0.538865546875 0.36461251093749997 0.538865546875 0.362511671875 0.533788515625 0.359943978125 0.5327380953125 0.3452380953125 0.533788515625 0.3410364140625 0.5323879546875 0.32609710625 0.5341386546875 0.32306255781250004 0.53676470625 0.3200280109375 0.5416666671875 0.315592903125 0.5448179265624999 0.31349206406249996 0.5525210078125 0.31069094375 0.5567226890625 0.309523809375 0.5602240890625 0.3102240890625 0.5614495796875001 0.3195611578125 0.5682773109375 0.3293650796875 0.5716036421874999
6 0.26750700312500003 0.4189425765625 0.2861811390625 0.4219187671875 0.2908496734375 0.4240196078125 0.2948179265625 0.42454481718750003 0.2969187671875 0.42629551875000005 0.298319328125 0.4296218484375 0.303454715625 0.436274509375 0.301353875 0.43942577031249996 0.3041549953125 0.44117647031249996 0.3064892625 0.44485294062499997 0.310457515625 0.44572829062499997 0.3148926234375 0.44520308125 0.325863678125 0.447303921875 0.332633053125 0.44782913124999996 0.3494397765625 0.4480042015625 0.357376284375 0.44765406093750004 0.3590102703125 0.4453781515625 0.362511671875 0.4441526609375 0.365079365625 0.44485294062499997 0.36858076562500003 0.44432773125 0.37114845937499996 0.44240196093749995 0.3739495796875 0.44222689062500004 0.3765172734375 0.4459033609375 0.3790849671875 0.44607843125 0.380485528125 0.4453781515625 0.3807189546875 0.44432773125 0.384920634375 0.4432773109375 0.3837535015625 0.43907562968749997 0.38538748906250003 0.436974790625 0.386554621875 0.4360994390625 0.392623715625 0.43557422968750004 0.39379084999999997 0.4275210078125 0.39635854375 0.42559523749999995 0.3970588234375 0.4231442578125 0.395191409375 0.41824229687500003 0.3921568625 0.416491596875 0.390056021875 0.41071428593750003 0.390056021875 0.407913165625 0.384920634375 0.4038865546875 0.38095238125 0.40493697500000003 0.37931839375 0.4026610640625 0.3790849671875 0.40003501406249997 0.3802521015625 0.39635854375 0.3795518203125 0.3932072828125 0.3662464984375 0.38900560156249997 0.349673203125 0.3858543421875 0.338702146875 0.385679271875 0.333566759375 0.38357843125 0.3195611578125 0.3820028015625 0.28688141875 0.38182773124999997 0.2686741359375 0.3846288515625 0.2665732953125 0.38620448125 0.263772175 0.3867296921875 0.2595704953125 0.3895308125 0.2563025203125 0.3967086828125 0.25606909375 0.40038515468749997 0.25770308124999997 0.4035364140625 0.2595704953125 0.4133403359375 0.26750700312500003 0.4189425765625
6 0.2784780578125 0.2776610640625 0.28338001875 0.276960784375 0.287348271875 0.27818627500000004 0.29458449999999997 0.279061625 0.2955182078125 0.2830882359375 0.29855275468750003 0.28448879531250004 0.3025210078125 0.28448879531250004 0.3064892625 0.28676470625 0.309407096875 0.28658963593750003 0.3118580765625 0.287289915625 0.31419234375 0.289040615625 0.3169934640625 0.288865546875 0.318394025 0.2907913171875 0.3221288515625 0.2907913171875 0.323996265625 0.29184173593749996 0.3340336140625 0.29324229687500003 0.336134453125 0.2953431375 0.3356676 0.2962184875 0.334267040625 0.297443978125 0.3298319328125 0.2988445375 0.334267040625 0.29954481718750003 0.337768440625 0.30112044843749997 0.342903828125 0.300945378125 0.345471521875 0.302696078125 0.348972921875 0.3007703078125 0.3534080296875 0.30234593906249996 0.3590102703125 0.30042016875 0.3615779640625 0.297443978125 0.37114845937499996 0.2962184875 0.37488328593750003 0.29376750625 0.3767507 0.29026610625 0.3807189546875 0.289915965625 0.3821195140625 0.2886904765625 0.3846872078125 0.28799019531250003 0.3877217546875 0.284663865625 0.3923902890625 0.282913165625 0.39635854375 0.2836134453125 0.4031279171875 0.2794117640625 0.3807189546875 0.271008403125 0.37418300625 0.2697829125 0.366946778125 0.2671568625 0.34500466875 0.265756303125 0.3391690015625 0.2636554625 0.313025209375 0.26137955156250003 0.31069094375 0.2605042015625 0.3029878625 0.2596288515625 0.298319328125 0.2608543421875 0.2871148453125 0.2592787109375 0.2826797390625 0.26137955156250003 0.275210084375 0.262429971875 0.2712418296875 0.2647058828125 0.26353874843749997 0.2661064421875 0.258169934375 0.2697829125 0.257236228125 0.2715336140625 0.26353874843749997 0.2762605046875 0.26797385625 0.27485994375 0.2784780578125 0.2776610640625
6 0.29645191406250004 0.2300420171875 0.29878618125 0.2310924375 0.3029878625 0.2310924375 0.3064892625 0.23249299687499997 0.322362278125 0.22846638593750002 0.3202614375 0.2246148453125 0.318394025 0.22373949531249998 0.29878618125 0.21971288437499997 0.2894491125 0.2202380953125 0.28688141875 0.22128851562500002 0.2859477125 0.2232142859375 0.285480859375 0.224789915625 0.288048553125 0.22811624687499998 0.291549953125 0.22951680625 0.29645191406250004 0.2300420171875
6 0.310457515625 0.1712184875 0.31535947656249996 0.17086834687500002 0.321895425 0.17191876718750002 0.337768440625 0.171743696875 0.34150326875000003 0.1701680671875 0.33380018749999996 0.165616246875 0.3302987859375 0.16456582656250002 0.314659196875 0.1628151265625 0.311157796875 0.16351540625 0.301820728125 0.1633403359375 0.2836134453125 0.16088935625 0.27474323125 0.161064425 0.26960784375 0.1619397765625 0.2717086828125 0.1659663859375 0.2754435109375 0.167366946875 0.29014939375000004 0.169117646875 0.310457515625 0.1712184875
6 0.3877217546875 0.2130602234375 0.3888888890625 0.21376050468750002 0.3909897296875 0.2181372546875 0.396825396875 0.2207633046875 0.39985994375 0.2254901953125 0.4068627453125 0.23039215624999998 0.40802987812499997 0.2323179265625 0.41176470624999995 0.2347689078125 0.41713352031250006 0.2359943984375 0.417366946875 0.2412464984375 0.41363211875 0.2477240890625 0.4166666671875 0.2619047625 0.41830065312500003 0.2631302515625 0.4236694671875 0.264880953125 0.431605975 0.265931371875 0.435340803125 0.2680322125 0.43744164375 0.26750700312500003 0.5254435109375 0.380602240625 0.5259103640625 0.384803921875 0.52824463125 0.3888305328125 0.5289449109375 0.39250700312500003 0.530345471875 0.3935574234375 0.5326797390625 0.39810924375 0.5483193281250001 0.4044117640625 0.56069094375 0.40493697500000003 0.568160596875 0.40423669531249995 0.57609710625 0.40668767499999997 0.5805322125 0.4065126046875 0.5891690015625 0.41439075625 0.592436975 0.42051820781249993 0.5975723625 0.4236694671875 0.6038748828125 0.4320728296875 0.6097105515625 0.43662465 0.6153127921875 0.4373249296875 0.622082165625 0.4420518203125 0.6267507 0.4467787109375 0.6311858078125 0.4485294125 0.6363211953125 0.453431371875 0.6405228765625 0.461834734375 0.64729225 0.46743697500000003 0.653594771875 0.46918767499999997 0.65849673125 0.4847689078125 0.6573295984375 0.4861694671875 0.658029878125 0.4889705875 0.6661998125 0.4900210078125 0.6694677875 0.48844537812500005 0.671568628125 0.48634453750000006 0.671568628125 0.47006302499999997 0.6734360406250001 0.46656162500000004 0.6732026140625 0.462710084375 0.669934640625 0.45885854375 0.6701680671875 0.455007003125 0.6685340796875 0.454131653125 0.665732959375 0.4471288515625 0.66176470625 0.44222689062500004 0.6573295984375 0.4397759109375 0.6503267968750001 0.43364845937499996 0.64729225 0.43592437031250003 0.645191409375 0.435399159375 0.6454248359375 0.43154761875 0.6440242765625 0.4275210078125 0.6449579828124999 0.42594537812500005 0.6475256765624999 0.42436974843749997 0.6482259578125 0.4210434171875 0.6503267968750001 0.41964285781250005 0.6470588234375 0.419117646875 0.6444911296875 0.4166666671875 0.6402894484375 0.4157913171875 0.638188609375 0.4157913171875 0.6360877687500001 0.41719187656249995 0.6335200750000001 0.414915965625 0.6351540609375 0.41246498593750003 0.6325863671875 0.4086134453125 0.633986928125 0.40406162500000004 0.6311858078125 0.40003501406249997 0.622782446875 0.39565826406250004 0.620214753125 0.39250700312500003 0.62068160625 0.388305321875 0.618580765625 0.385679271875 0.613445378125 0.38410364218750004 0.6111111109375 0.381477590625 0.609243696875 0.3820028015625 0.6055088703125 0.380602240625 0.601540615625 0.374649859375 0.5971055093750001 0.37132352968750004 0.5957049484375 0.37062325 0.59150326875 0.37079831875 0.587768440625 0.3697478984375 0.583566759375 0.366946778125 0.5802987859375001 0.362570028125 0.5781979453125 0.3630952375 0.5765639593749999 0.3650210078125 0.575396825 0.3650210078125 0.5746965453125 0.36379551875 0.5721288515625 0.362570028125 0.5695611578124999 0.3588935578125 0.56582633125 0.35749299687499997 0.563725490625 0.3552170875 0.5632586374999999 0.353116246875 0.5560224093749999 0.3496148453125 0.554855275 0.3455882359375 0.5555555562500001 0.34383753437500003 0.5564892625 0.34296218437500003 0.560457515625 0.3434873953125 0.56162465 0.3417366953125 0.5613912234375 0.3387605046875 0.560457515625 0.3371848734375 0.5550887015625 0.337710084375 0.5515873015625 0.335959384375 0.5473856203125 0.3301820734375 0.5492530343750001 0.325805321875 0.54715219375 0.3224789921875 0.5490196078125 0.318102240625 0.54715219375 0.3160014 0.5469187671875 0.31267507031249997 0.547619046875 0.311274509375 0.5494864609375 0.310399159375 0.5466853406250001 0.30917366875 0.5445845 0.3032212890625 0.545751634375 0.2990196078125 0.54528478125 0.2948179265625 0.539915965625 0.29201680625000004 0.5375816999999999 0.28974089687500004 0.532913165625 0.2815126046875 0.5336134453125 0.2792366953125 0.5301120453125 0.27450980468749997 0.5249766578124999 0.271008403125 0.5217086828124999 0.26663165312500003 0.5172735765625001 0.26540616250000004 0.5154061624999999 0.264180671875 0.5121381890625 0.2596288515625 0.508169934375 0.2563025203125 0.5053688140625 0.25140056093749996 0.497899159375 0.24667366875000002 0.4852941171875 0.2408963578125 0.4827264234375 0.2359943984375 0.4787581703125 0.23284313750000002 0.47969187656249995 0.2244397765625 0.4778244625 0.2205882359375 0.46661998125000004 0.21463585468750002 0.460084034375 0.21253501406250003 0.4540149390625 0.21148459375 0.4437441640625 0.2078081234375 0.42553688125000005 0.20605742343750003 0.41199813281250003 0.20185574218750002 0.401027078125 0.2001050421875 0.3767507 0.19887955156249998 0.366013071875 0.2027310921875 0.3615779640625 0.2030812328125 0.3569094296875 0.20465686249999998 0.3564425765625 0.20500700312500003 0.357376284375 0.2053571421875 0.38141923437499997 0.210959384375 0.3877217546875 0.2130602234375
6 0.7198879546875 0.390756303125 0.7243230625 0.3932072828125 0.7334267046875 0.39565826406250004 0.7362278250000001 0.3988095234375 0.7439309062499999 0.40248599374999994 0.7467320265625 0.40248599374999994 0.7518674140625 0.4047619046875 0.7563025203125 0.4044117640625 0.7595704953125 0.405287115625 0.7628384687499999 0.4047619046875 0.771008403125 0.4086134453125 0.7775910359375 0.40913865468750005 0.8064892625000001 0.41631652656250007 0.810457515625 0.41806722656249995 0.818860878125 0.419117646875 0.8218954249999999 0.4213935578125 0.8248522406250001 0.4213935578125 0.8277310921875 0.422443978125 0.8298319328125 0.42436974843749997 0.8578431375 0.4296218484375 0.90662931875 0.44257703125000003 0.9077964515625 0.44345238125 0.91176470625 0.44240196093749995 0.9197012140625 0.44572829062499997 0.9264705875000001 0.4432773109375 0.9297385625000001 0.4438025203125 0.9346405234375 0.4459033609375 0.9372082171875 0.4513305328125 0.9393090562499999 0.453431371875 0.9502801125 0.45535714218749995 0.95471521875 0.4539565828125 0.9668534078125001 0.4548319328125 0.9705882359375 0.4518557421875 0.974789915625 0.4515056015625 0.9768907562500001 0.4471288515625 0.98366013125 0.4466911765625 0.9845938375 0.450805321875 0.984126984375 0.45903361406250004 0.9859943984375 0.4669117640625 0.9906629312499999 0.46586134531249995 0.9915966390625 0.4676120453125 0.9936974796875001 0.468837534375 0.9997665734375 0.46743697500000003 0.9997665734375 0.43855042031249997 0.9978991593750001 0.43855042031249997 0.9964986 0.436274509375 0.9971988796875 0.4275210078125 0.9946311859374999 0.4220938375 0.9939309062499999 0.421743696875 0.9901960781250001 0.4236694671875 0.9857609703125 0.42471988749999995 0.9519140984375 0.41754201718750006 0.9509803921875 0.4154411765625 0.9491129781250001 0.414740896875 0.9472455656250001 0.41053921562499995 0.9465452843750001 0.411064425 0.9425770312499999 0.4080882359375 0.9358076562500001 0.4068627453125 0.9313725484375001 0.4077380953125 0.92717086875 0.4065126046875 0.92390289375 0.4089635859375 0.92203548125 0.40931372499999996 0.920868346875 0.4086134453125 0.9218020546875 0.405462184375 0.92040149375 0.399334734375 0.9171335203125001 0.39460784375 0.9138655468750001 0.39250700312500003 0.9115312796874999 0.3921568625 0.9077964515625 0.3932072828125 0.9059290390625 0.3961834734375 0.905462184375 0.405287115625 0.904528478125 0.406337534375 0.9003267968750001 0.407212884375 0.894257703125 0.4059873953125 0.8923902890625 0.40318627500000004 0.8902894484375 0.4044117640625 0.8872549015625 0.40423669531249995 0.8867880484375 0.40283613437500004 0.8846872078124999 0.40213585468749996 0.8835200750000001 0.4005602234375 0.8856209156249999 0.3961834734375 0.8821195140625001 0.3947829125 0.8818860875000001 0.39250700312500003 0.88095238125 0.3919817921875 0.8762838468749999 0.3940826328125 0.8730158734375 0.393382353125 0.8711484593750001 0.39565826406250004 0.8681139124999999 0.396883753125 0.8636788046874999 0.39548319374999996 0.8534080296875001 0.39390756250000003 0.8417366953125001 0.389880953125 0.8342670406250001 0.3884803921875 0.8298319328125 0.3895308125 0.8179271703125 0.3893557421875 0.7990196078125 0.3905812328125 0.78688141875 0.3897058828125 0.7810457515625 0.3905812328125 0.7450980390625 0.3795518203125 0.7415966390625 0.3742997203125 0.73879551875 0.372899159375 0.7331932765625 0.3679971984375 0.7301587296875 0.3671218484375 0.7282913171875001 0.365196078125 0.7245564890625 0.364320728125 0.7205882359375 0.36379551875 0.7184873953124999 0.365196078125 0.7173202609375 0.3674719890625 0.7159197015625 0.3679971984375 0.712651728125 0.36729691875000003 0.7049486468749999 0.3709733890625 0.70284780625 0.3732493 0.69607843125 0.37640056093749996 0.6970121375 0.37832633125 0.7040149390625 0.384803921875 0.71311858125 0.389180671875 0.7198879546875 0.390756303125
6 0.302754434375 0.1495098046875 0.3062558359375 0.147584034375 0.310457515625 0.148459384375 0.31255835625 0.14635854375 0.3118580765625 0.1426820734375 0.31069094375 0.14215686249999998 0.2910831 0.140756303125 0.282913165625 0.1419817921875 0.2831465921875 0.143382353125 0.290616246875 0.1488095234375 0.2997198875 0.1488095234375 0.302754434375 0.1495098046875
6 0.41293183906250003 0.1386554625 0.41806722656249995 0.1404061625 0.4201680671875 0.142507003125 0.4236694671875 0.144257703125 0.42600373437499994 0.1435574234375 0.435340803125 0.1439075625 0.44024276406249996 0.1386554625 0.43580765625 0.13620448125 0.431139121875 0.134803921875 0.42343604062500007 0.1349789921875 0.41970121406249994 0.133928571875 0.40989729218750004 0.1342787109375 0.40802987812499997 0.13445378125000002 0.40802987812499997 0.1355042015625 0.41153127968750003 0.1367296921875 0.41293183906250003 0.1386554625
6 0.32609710625 0.135679271875 0.3298319328125 0.137429971875 0.3417366953125 0.13707983125 0.3431372546875 0.134803921875 0.3417366953125 0.1302521015625 0.3345004671875 0.1290266109375 0.3298319328125 0.12920168125 0.32609710625 0.12762605 0.3221288515625 0.1281512609375 0.318394025 0.13007703125 0.31419234375 0.1302521015625 0.31349206406249996 0.1307773109375 0.3144257703125 0.1313025203125 0.32446311875 0.133928571875 0.32609710625 0.135679271875