6 0.7870370375 0.53125 0.7888888890625 0.5380208328125 0.8259259265625 0.5752604171875 0.853240740625 0.5963541671875 0.8638888890624999 0.5986979171875 0.8796296296874999 0.6052083328125 0.8888888890625 0.6111979171875 0.946759259375 0.6315104171875 0.95555555625 0.6307291671875 0.9666666671874999 0.6338541671875 0.9712962968750001 0.63046875 0.9763888890624999 0.6294270828124999 0.98194444375 0.63046875 0.9856481484374999 0.6286458328125 0.9930555562500001 0.6276041671875 0.99351851875 0.62413203125 0.9995370375 0.6190104171875 0.9995370375 0.478125 0.997222221875 0.47734375 0.9930555562500001 0.4703125 0.9861111109375 0.46901041718750003 0.98101851875 0.4700520828125 0.9629629625 0.46796875 0.9490740734375 0.4653645828125 0.9425925921875 0.4625 0.9171296296874999 0.4596354171875 0.9087962968750001 0.46015625 0.803703703125 0.49296875 0.7856481484375 0.5174479171875 0.7828703703125 0.5184895828125 0.7828703703125 0.5229166671875001 0.7851851859375001 0.5244791671875 0.7833333328125 0.5291666671875 0.7870370375 0.53125
6 0.21180555625 0.6569010421875 0.22916666718749998 0.6184895828125 0.21296296250000002 0.58984375 0.1365740734375 0.56640625 0.08333333281250001 0.5540364578125 0.004629629687499999 0.5611979171875 0.0023148140625 0.7975260421875 0.140046296875 0.7513020828125 0.21180555625 0.6569010421875
6 0.45717592656250006 0.4140625 0.45601851875 0.38671875 0.42129629687500003 0.3639322921875 0.2870370375 0.373046875 0.26851851875 0.3990885421875 0.3067129625 0.4309895828125 0.2870370375 0.4446614578125 0.25 0.4661458328125 0.3020833328125 0.5052083328125 0.2986111109375 0.5162760421875 0.23379629687499998 0.5390625 0.2673611109375 0.5696614578125 0.35069444375000003 0.607421875 0.3518518515625 0.6419270828125 0.38194444375000003 0.669921875 0.6458333328125 0.6536458328125 0.6388888890625 0.623046875 0.5925925921874999 0.5592447921875 0.54976851875 0.4967447921875 0.5057870375 0.4459635421875 0.45717592656250006 0.4140625
6 0.078703703125 0.3287760421875 0.0648148140625 0.3118489578125 0.006944443749999999 0.3098958328125 0.0173611109375 0.3404947921875 0.018518518749999997 0.3404947921875 0.078703703125 0.3287760421875
6 0.13194444375 0.3823783859375 0.107253240625 0.3828125 0.078703703125 0.3841145828125 0.0594134265625 0.3849825515625 0.0501541671875 0.3919270828125 0.060956943750000006 0.4049479171875 0.11959861093749999 0.39930546875 0.12577175937500001 0.39756953125 0.142746759375 0.3910591140625 0.13194444375 0.3823783859375
6 0.2283949078125 0.3598091140625 0.2114199078125 0.3606770828125 0.1983023140625 0.359375 0.17361111093749998 0.3611111984375 0.1658949078125 0.3684895828125 0.17746898125 0.37586796875 0.21450601875 0.375 0.22916666718749998 0.3723958328125 0.23765416718750002 0.36631953125 0.2283949078125 0.3598091140625
6 0.20601851875000002 0.2699653640625 0.1936726859375 0.26866328125 0.1828703703125 0.2708333328125 0.169753240625 0.27821171875 0.17206805625 0.28602421875 0.21450601875 0.2838541671875 0.22993842656250002 0.2825520828125 0.23611111093749998 0.2756075515625 0.20601851875000002 0.2699653640625
6 0.41898148125 0.2591145828125 0.3881171296875 0.2560763015625 0.3665125 0.25477421875 0.34722222187499996 0.2565104171875 0.3171296296875 0.2634549484375 0.3333333328125 0.27430546875 0.37577175937499996 0.28819453125 0.412808796875 0.28211796875 0.42206805625 0.2738716140625 0.42901249999999996 0.2669270828125 0.41898148125 0.2591145828125
6 0.3966050921875 0.23741328125 0.4035495375 0.2300346359375 0.38503101875 0.2204861984375 0.3449074078125 0.2243924484375 0.3356481484375 0.234375 0.365740740625 0.23958333281250002 0.3966050921875 0.23741328125
6 0.39043194375 0.19140625 0.3449074078125 0.1953125 0.321759259375 0.1970486984375 0.31095694375 0.2105033859375 0.33101851875 0.21354166718749998 0.3695986109375 0.21571171875 0.4074074078125 0.2113716140625 0.4089504625 0.2087674484375 0.4089504625 0.2026908859375 0.39043194375 0.19140625
6 0.259259259375 0.1527778640625 0.23919768593750002 0.1545138015625 0.24151250000000002 0.1623263015625 0.25385787031249996 0.1644966140625 0.26851851875 0.16319453125 0.293209721875 0.1614583328125 0.2986111109375 0.16015625 0.3016976859375 0.15538203125 0.259259259375 0.1527778640625
6 0.3341050921875 0.11545130156250001 0.365740740625 0.1158854171875 0.3549384265625 0.109375 0.3425925921875 0.1080729171875 0.3341050921875 0.11545130156250001
6 0.580246759375 0.13194453125 0.5455245375 0.13194453125 0.5339504625 0.1328125 0.5208333328125 0.1354166671875 0.5401236109374999 0.14366328125 0.597222221875 0.1410591140625 0.608796296875 0.140625 0.607253240625 0.1345486984375 0.580246759375 0.13194453125
6 0.5763888890625 0.20182291718749998 0.55246898125 0.2109375 0.5756171296875 0.21484375 0.624228240625 0.2109375 0.6141976859375 0.2026908859375 0.5918208328125 0.2009549484375 0.5763888890625 0.20182291718749998
6 0.6550925921874999 0.24739583281250002 0.61496898125 0.24696171875 0.5848763890625001 0.2534721359375 0.6111111109375 0.26475703125 0.6489199078125 0.26258671875 0.6589504625 0.2578125 0.6612652781249999 0.2556424484375 0.6550925921874999 0.24739583281250002